month =

     1


E_field =

   2.6608e+04


E_field =

   3.1788e+04


E_field =

   3.2651e+04


E_field =

   3.1788e+04


E_field =

   2.6608e+04


ANS1 =

    0.5469


ANS2 =

    0.7459


ANS3 =

    0.9269


ANS4 =

    0.8800


ANS5 =

    0.4758


month =

     2


E_field =

   3.0522e+04


E_field =

   3.5323e+04


E_field =

   3.6287e+04


E_field =

   3.5323e+04


E_field =

   3.0522e+04


ANS1 =

    0.5671


ANS2 =

    0.7743


ANS3 =

    0.9274


ANS4 =

    0.8800


ANS5 =

    0.5348


month =

     3


E_field =

   3.4006e+04


E_field =

   3.8761e+04


E_field =

   3.9877e+04


E_field =

   3.8761e+04


E_field =

   3.4006e+04


ANS1 =

    0.5932


ANS2 =

    0.8115


ANS3 =

    0.9278


ANS4 =

    0.8800


ANS5 =

    0.5903


month =

     4


E_field =

   3.6969e+04


E_field =

   4.1538e+04


E_field =

   4.2919e+04


E_field =

   4.1538e+04


E_field =

   3.6969e+04


ANS1 =

    0.6182


ANS2 =

    0.8499


ANS3 =

    0.9264


ANS4 =

    0.8800


ANS5 =

    0.6365


month =

     5


E_field =

   3.8636e+04


E_field =

   4.2968e+04


E_field =

   4.4192e+04


E_field =

   4.2968e+04


E_field =

   3.8636e+04


ANS1 =

    0.6317


ANS2 =

    0.8727


ANS3 =

    0.9239


ANS4 =

    0.8800


ANS5 =

    0.6603


month =

     6


E_field =

   3.9117e+04


E_field =

   4.3565e+04


E_field =

   4.4409e+04


E_field =

   4.3565e+04


E_field =

   3.9117e+04


ANS1 =

    0.6363


ANS2 =

    0.8799


ANS3 =

    0.9237


ANS4 =

    0.8800


ANS5 =

    0.6679


month =

     7


E_field =

   3.8620e+04


E_field =

   4.2950e+04


E_field =

   4.4180e+04


E_field =

   4.2950e+04


E_field =

   3.8620e+04


ANS1 =

    0.6316


ANS2 =

    0.8725


ANS3 =

    0.9239


ANS4 =

    0.8800


ANS5 =

    0.6600


month =

     8


E_field =

   3.6854e+04


E_field =

   4.1444e+04


E_field =

   4.2808e+04


E_field =

   4.1444e+04


E_field =

   3.6854e+04


ANS1 =

    0.6173


ANS2 =

    0.8483


ANS3 =

    0.9265


ANS4 =

    0.8800


ANS5 =

    0.6348


month =

     9


E_field =

   3.3814e+04


E_field =

   3.8577e+04


E_field =

   3.9711e+04


E_field =

   3.8577e+04


E_field =

   3.3814e+04


ANS1 =

    0.5915


ANS2 =

    0.8095


ANS3 =

    0.9276


ANS4 =

    0.8800


ANS5 =

    0.5874


month =

    10


E_field =

   3.0076e+04


E_field =

   3.4891e+04


E_field =

   3.5841e+04


E_field =

   3.4891e+04


E_field =

   3.0076e+04


ANS1 =

    0.5644


ANS2 =

    0.7702


ANS3 =

    0.9280


ANS4 =

    0.8800


ANS5 =

    0.5278


month =

    11


E_field =

   2.6297e+04


E_field =

   3.1447e+04


E_field =

   3.2329e+04


E_field =

   3.1447e+04


E_field =

   2.6297e+04


ANS1 =

    0.5457


ANS2 =

    0.7440


ANS3 =

    0.9275


ANS4 =

    0.8800


ANS5 =

    0.4706


month =

    12


E_field =

   2.4563e+04


E_field =

   3.0040e+04


E_field =

   3.1009e+04


E_field =

   3.0040e+04


E_field =

   2.4563e+04


ANS1 =

    0.5386


ANS2 =

    0.7367


ANS3 =

    0.9239


ANS4 =

    0.8800


ANS5 =

    0.4464
